##################################################
Accuracy:0.5058306351838691
Precision:0.5049624788186879
Recall:0.4406188942282305
F Score:0.4706015058796988