##################################################
Accuracy:0.4798231066887783
Precision:0.47701918786256137
Recall:0.451602682579078
F Score:0.4639631086396311