##################################################
Accuracy:0.49795993577088105
Precision:0.4949426837491571
Recall:0.348840893488937
F Score:0.4092429686532028