##################################################
Accuracy:0.5229145278896523
Precision:0.5184982935153584
Recall:0.6016792522574853
F Score:0.5570003910833007