##################################################
Accuracy:0.49848640395904076
Precision:0.4984860851478371
Recall:0.9997887733009453
F Score:0.6652728486594751