##################################################
Accuracy:0.4984337571402248
Precision:0.4984559347533455
Recall:0.9972540529122881
F Score:0.6646839363649163