##################################################
Accuracy:0.49853905077785676
Precision:0.49851264906415355
Recall:1.0
F Score:0.6653432647038156