##################################################
Accuracy:0.5269156861196662
Precision:0.5332414743368928
Recall:0.4087236626709616
F Score:0.46275260074136076